[{"id":"chest.front.center","coordinates":[-0.0561525896191597,-0.31271976232528687,-0.03695005178451538],"uncertainty":{"stddevs":[0.0030000002589076757,0.003000000026077032,0.0029999997932463884],"pcvectors":[[-0.15443359315395355,0.9318802952766418,-0.3282519280910492],[0.8063574433326721,0.3108620345592499,0.5031425952911377],[0.5709097385406494,-0.1869862675666809,-0.7994361519813538]]}},{"id":"chest.right","coordinates":[-0.0987650603055954,-0.32593199610710144,0.19163328409194946],"uncertainty":{"stddevs":[0.0030000002589076757,0.003000000026077032,0.0029999995604157448],"pcvectors":[[0.12259078770875931,-0.9867821335792542,0.10598384588956833],[-0.9789901375770569,-0.10270316153764725,0.1761544793844223],[-0.16294121742248535,-0.12535205483436584,-0.9786403775215149]]}},{"id":"chest.left","coordinates":[0.14734414219856262,-0.32843899726867676,-0.11730200052261353],"uncertainty":{"stddevs":[0.0030000004917383194,0.0030000004917383194,0.003000000026077032],"pcvectors":[[-0.2739434838294983,-0.07518985867500305,0.9588021039962769],[0.9615239500999451,-2.7333133534312992E-9,0.2747211754322052],[-0.020656242966651917,0.9971692562103271,0.07229685038328171]]}},{"id":"chest.back.center","coordinates":[0.13823217153549194,-0.34883666038513184,0.14232899248600006],"uncertainty":{"stddevs":[0.0030000002589076757,0.0030000002589076757,0.003000000026077032],"pcvectors":[[0.3781787157058716,0.12897004187107086,-0.9167047739028931],[0.06120509281754494,-0.9915645718574524,-0.11425233632326126],[-0.9237070679664612,-0.012899198569357395,-0.3828822374343872]]}},{"id":"belly.front.center","coordinates":[-0.0641089379787445,-0.06762537360191345,-0.04167603328824043],"uncertainty":{"stddevs":[0.003000000026077032,0.003000000026077032,0.0029999997932463884],"pcvectors":[[0.4041447639465332,0.8456488847732544,0.3486330509185791],[0.3004876673221588,0.23724892735481262,-0.9238073825836182],[-0.8639295101165771,0.4781118631362915,-0.15822415053844452]]}},{"id":"belly.right","coordinates":[-0.05947955325245857,-0.10169970989227295,0.20666494965553284],"uncertainty":{"stddevs":[0.0030000002589076757,0.0030000002589076757,0.0030000002589076757],"pcvectors":[[0.6933484077453613,-0.24214844405651093,-0.6786988377571106],[-0.1070694699883461,-0.9660128951072693,0.23527677357196808],[0.712603747844696,0.09046084433794022,0.6957101821899414]]}},{"id":"belly.left","coordinates":[0.16836978495121002,-0.10009603202342987,-0.09211871027946472],"uncertainty":{"stddevs":[0.0030000002589076757,0.003000000026077032,0.003000000026077032],"pcvectors":[[-0.03372689709067345,-0.9987707138061523,-0.036325715482234955],[0.7063356041908264,-0.04953451082110405,0.7061418890953064],[-0.7070732116699219,-0.001842172583565116,0.707137942314148]]}},{"id":"belly.back.center","coordinates":[0.15791942179203033,-0.10207632184028625,0.11646851152181625],"uncertainty":{"stddevs":[0.0030000002589076757,0.003000000026077032,0.0029999997932463884],"pcvectors":[[-0.0014543660217896104,-0.04674389958381653,0.9989058375358582],[0.9995172619819641,0.030932875350117683,0.00290276319719851],[-0.031034715473651886,0.9984278678894043,0.04667634889483452]]}},{"id":"neckstart.front.center","coordinates":[0.003015513764694333,-0.48763909935951233,0.007913358509540558],"uncertainty":{"stddevs":[0.0030000002589076757,0.003000000026077032,0.0029999997932463884],"pcvectors":[[-0.09109403192996979,-0.8521363139152527,0.5153304934501648],[0.9411532878875732,0.09546148777008057,0.32421842217445374],[-0.32547253370285034,0.514539361000061,0.7932949662208557]]}},{"id":"neckstart.back.center","coordinates":[0.0884837955236435,-0.5730183720588684,0.10384907573461533],"uncertainty":{"stddevs":[0.003000000026077032,0.003000000026077032,0.003000000026077032],"pcvectors":[[-0.6279630064964294,-0.4597008526325226,-0.6279630064964294],[0.32505759596824646,-0.8880738615989685,0.32505759596824646],[-0.7071067690849304,4.0098022680012946E-9,0.7071067690849304]]}},{"id":"waist.front.center","coordinates":[-0.03320945054292679,0.04745488613843918,-0.02387005276978016],"uncertainty":{"stddevs":[0.0030000002589076757,0.003000000026077032,0.003000000026077032],"pcvectors":[[0.03191140294075012,0.9910351634025574,-0.1297343373298645],[0.716851532459259,-0.11314521729946136,-0.6879839897155762],[-0.6964951753616333,-0.07104571908712387,-0.71403568983078]]}},{"id":"waist.right","coordinates":[-0.02875235117971897,0.021752944216132164,0.22434550523757935],"uncertainty":{"stddevs":[0.0030000002589076757,0.003000000026077032,0.0029999997932463884],"pcvectors":[[0.004957740660756826,0.9997277855873108,0.022798333317041397],[-0.7078379392623901,-0.012595761567354202,0.7062625885009766],[0.706357479095459,-0.019638990983366966,0.7075827717781067]]}},{"id":"waist.left","coordinates":[0.18476790189743042,0.016292201355099678,-0.09157460927963257],"uncertainty":{"stddevs":[0.003000000026077032,0.003000000026077032,0.003000000026077032],"pcvectors":[[-0.7084864377975464,-0.04445318877696991,0.7043229937553406],[0.0600285530090332,0.9906013011932373,0.12290497124195099],[-0.7031668424606323,0.1293559968471527,-0.6991590857505798]]}},{"id":"waist.back.center","coordinates":[0.19339962303638458,-0.021785061806440353,0.15207639336585999],"uncertainty":{"stddevs":[0.0030000002589076757,0.003000000026077032,0.003000000026077032],"pcvectors":[[-0.6921570897102356,-0.10307428985834122,0.7143488526344299],[0.7115951180458069,-0.2628776431083679,0.6515579223632812],[0.12062746286392212,0.9593076109886169,0.25529977679252625]]}},{"id":"midhand.right.center","coordinates":[-0.12601710855960846,-0.19742068648338318,0.30294060707092285],"uncertainty":{"stddevs":[0.0030000002589076757,0.0030000002589076757,0.003000000026077032],"pcvectors":[[-3.725290742551124E-9,-0.00006103515625,1.0],[-1.0,0.00006103515625,-5.646885432702682E-16],[0.00006103515625,1.0,0.00006103515625]]}},{"id":"midhand.right.right","coordinates":[-0.13850319385528564,-0.22002001106739044,0.3439570963382721],"uncertainty":{"stddevs":[0.0029999997932463884,0.0029999995604157448,0.0029999995604157448],"pcvectors":[[-0.10603821277618408,-0.49484503269195557,-0.862487256526947],[0.9778023958206177,-0.2095290869474411,9.122093302948997E-9],[-0.18071618676185608,-0.843342125415802,0.5060787200927734]]}},{"id":"midhand.right.left","coordinates":[-0.07395884394645691,-0.1694754958152771,0.2970014214515686],"uncertainty":{"stddevs":[0.0030000002589076757,0.0030000002589076757,0.003000000026077032],"pcvectors":[[-0.785188615322113,-0.28900885581970215,-0.5476794242858887],[0.47812169790267944,0.2791251540184021,-0.8327597379684448],[0.39354604482650757,-0.915730893611908,-0.08098449558019638]]}},{"id":"elbow.right","coordinates":[-0.0599810928106308,-0.18202053010463715,0.35715460777282715],"uncertainty":{"stddevs":[0.003000000026077032,0.003000000026077032,0.003000000026077032],"pcvectors":[[-0.44172608852386475,-0.7071067690849304,-0.5521576404571533],[0.7808688282966614,2.551353617263885E-8,-0.6246950626373291],[0.44172611832618713,-0.7071067690849304,0.5521575808525085]]}},{"id":"midhand.left.center","coordinates":[0.22460272908210754,-0.21165812015533447,-0.16617169976234436],"uncertainty":{"stddevs":[0.0030000004917383194,0.0030000002589076757,0.0029999997932463884],"pcvectors":[[0.3185335099697113,0.1700410097837448,-0.9325354695320129],[0.9416719675064087,-0.16945548355579376,0.29075539112091064],[-0.10858291387557983,-0.9707579016685486,-0.21410010755062103]]}},{"id":"midhand.left.right","coordinates":[0.2302856147289276,-0.1750468760728836,-0.12266804277896881],"uncertainty":{"stddevs":[0.003000000026077032,0.0029999997932463884,0.0029999997932463884],"pcvectors":[[-0.07628528028726578,-0.7002761960029602,0.7097843289375305],[0.9825668334960938,-0.1738361418247223,-0.06590442359447479],[0.1695374697446823,0.6923829913139343,0.7013293504714966]]}},{"id":"midhand.left.left","coordinates":[0.26776808500289917,-0.22042502462863922,-0.19438835978507996],"uncertainty":{"stddevs":[0.003000000026077032,0.003000000026077032,0.003000000026077032],"pcvectors":[[-0.7071067690849304,1.78641617054609E-8,0.7071067690849304],[2.526374132116871E-8,1.0,5.690501276739174E-16],[0.7071067690849304,-1.786416348181774E-8,0.7071067690849304]]}},{"id":"elbow.left","coordinates":[0.3018163740634918,-0.18960709869861603,-0.12697765231132507],"uncertainty":{"stddevs":[0.0030000002589076757,0.003000000026077032,0.003000000026077032],"pcvectors":[[-0.049451593309640884,-0.9987565279006958,0.006323966663330793],[0.12684880197048187,6.218025649928904E-9,0.9919220805168152],[-0.9906886219978333,0.04985431581735611,0.126691073179245]]}},{"id":"shoulder.right.front","coordinates":[-0.10355625301599503,-0.4691682457923889,0.17488010227680206],"uncertainty":{"stddevs":[0.0030000002589076757,0.0030000002589076757,0.003000000026077032],"pcvectors":[[0.11873555928468704,-0.7037866711616516,-0.7004185914993286],[0.9920953512191772,0.05524293705821037,0.11267226934432983],[-0.04060405492782593,-0.7082602381706238,0.7047827839851379]]}},{"id":"shoulder.right.side","coordinates":[-0.09101831912994385,-0.4617471396923065,0.27256155014038086],"uncertainty":{"stddevs":[0.0030000004917383194,0.0030000002589076757,0.0030000002589076757],"pcvectors":[[-0.7084285020828247,0.11606449633836746,0.6961738467216492],[0.5651333928108215,-0.4976014196872711,0.6580403447151184],[0.4227922260761261,0.8596056699752808,0.2869231104850769]]}},{"id":"shoulder.right.back","coordinates":[-0.012734150514006615,-0.45588207244873047,0.2917884886264801],"uncertainty":{"stddevs":[0.0030000002589076757,0.003000000026077032,0.003000000026077032],"pcvectors":[[0.12218327075242996,0.0,-0.9925075769424438],[0.0,-1.0,0.0],[-0.9925075769424438,0.0,-0.12218327075242996]]}},{"id":"shoulder.right.top","coordinates":[-0.04728119820356369,-0.5312128663063049,0.1895797848701477],"uncertainty":{"stddevs":[0.0030000002589076757,0.0030000002589076757,0.0029999997932463884],"pcvectors":[[-0.9639713168144226,-0.26483720541000366,-0.024911709129810333],[0.26539722084999084,-0.9638710021972656,-0.022736772894859314],[-0.017990130931138992,-0.02852909453213215,0.9994310736656189]]}},{"id":"shoulder.left.front","coordinates":[0.14915938675403595,-0.46865010261535645,-0.12014691531658173],"uncertainty":{"stddevs":[0.0030000004917383194,0.0030000002589076757,0.0029999997932463884],"pcvectors":[[-0.5541402697563171,-0.20344163477420807,-0.8071803450584412],[0.8321181535720825,-0.16163350641727448,-0.530522346496582],[-0.02253706566989422,-0.9656531810760498,0.25885510444641113]]}},{"id":"shoulder.left.top","coordinates":[0.15171226859092712,-0.5264559388160706,-0.06834471225738525],"uncertainty":{"stddevs":[0.0030000002589076757,0.003000000026077032,0.0029999997932463884],"pcvectors":[[-0.08143030852079391,-0.5305258631706238,0.8437484502792358],[0.9506085515022278,0.21306560933589935,0.22571320831775665],[-0.29952046275138855,0.8204543590545654,0.4869724214076996]]}},{"id":"shoulder.left.side","coordinates":[0.21985042095184326,-0.4629596173763275,-0.11521465331315994],"uncertainty":{"stddevs":[0.003000000026077032,0.003000000026077032,0.0029999997932463884],"pcvectors":[[-0.9215773940086365,0.15033377707004547,0.35790345072746277],[0.08292405307292938,-0.8244503736495972,0.5598260164260864],[0.3792344033718109,0.5456017851829529,0.747328519821167]]}},{"id":"shoulder.left.back","coordinates":[0.24539145827293396,-0.4612066447734833,-0.017939148470759392],"uncertainty":{"stddevs":[0.003000000026077032,0.003000000026077032,0.0029999997932463884],"pcvectors":[[-0.009467791765928268,0.13727745413780212,0.9904873967170715],[0.7540516257286072,-0.6495776772499084,0.09723654389381409],[0.6567468643188477,0.747799277305603,-0.09736421704292297]]}},{"id":"wrist.right.front","coordinates":[-0.22480614483356476,0.05835168808698654,0.3608624041080475],"uncertainty":{"stddevs":[0.0030000002589076757,0.0030000002589076757,0.003000000026077032],"pcvectors":[[-0.7689989805221558,0.2756825089454651,0.5767492651939392],[0.6000000238418579,-8.61267768215157E-9,0.7999999523162842],[0.22054600715637207,0.9612487554550171,-0.16540950536727905]]}},{"id":"wrist.right.outside","coordinates":[-0.2227732092142105,0.050178609788417816,0.4032853841781616],"uncertainty":{"stddevs":[0.0030000004917383194,0.0030000002589076757,0.003000000026077032],"pcvectors":[[-0.33629631996154785,-0.3100258409976959,0.8892630338668823],[0.941578209400177,-0.1290455162525177,0.3110911250114441],[0.01830911636352539,0.9419295191764832,0.3353111147880554]]}},{"id":"wrist.right.back","coordinates":[-0.17384497821331024,0.04847113788127899,0.4088725745677948],"uncertainty":{"stddevs":[0.0030000002589076757,0.003000000026077032,0.0029999997932463884],"pcvectors":[[-0.0062401313334703445,-0.9996685981750488,-0.024975141510367393],[0.7074519395828247,-0.02206476777791977,0.7064169049263],[-0.7067338824272156,-0.01326057780534029,0.7073552012443542]]}},{"id":"wrist.right.inside","coordinates":[-0.17346921563148499,0.06678342074155807,0.37024086713790894],"uncertainty":{"stddevs":[0.003000000026077032,0.003000000026077032,0.0029999997932463884],"pcvectors":[[-0.565778374671936,-0.8154926300048828,-0.12192873656749725],[0.8245444893836975,-0.5587232708930969,-0.08918912708759308],[0.004608658608049154,-0.15099693834781647,0.9885234832763672]]}},{"id":"wrist.left.front","coordinates":[0.2725426256656647,0.050912562757730484,-0.2974926233291626],"uncertainty":{"stddevs":[0.003000000026077032,0.003000000026077032,0.0029999997932463884],"pcvectors":[[-0.6373612880706787,0.15908630192279816,-0.7539643049240112],[-0.7697919011116028,-0.17527508735656738,0.6137581467628479],[-0.034510646015405655,0.9715812802314758,0.234176903963089]]}},{"id":"wrist.left.back","coordinates":[0.3269191086292267,0.04802044853568077,-0.26680701971054077],"uncertainty":{"stddevs":[0.0030000002589076757,0.003000000026077032,0.003000000026077032],"pcvectors":[[-0.1216139867901802,-0.08033575117588043,0.9893211126327515],[0.24407659471035004,-0.9685351252555847,-0.04864434152841568],[0.9621001482009888,0.2355542778968811,0.13739550113677979]]}},{"id":"wrist.left.outside","coordinates":[0.30656367540359497,0.03910225257277489,-0.3050755560398102],"uncertainty":{"stddevs":[0.003000000026077032,0.003000000026077032,0.003000000026077032],"pcvectors":[[-0.5,0.7071067690849304,-0.5],[0.7071067690849304,9.142638313086593E-10,-0.7071067690849304],[-0.5,-0.7071067690849304,-0.5]]}},{"id":"wrist.left.inside","coordinates":[0.29925835132598877,0.05795435607433319,-0.2515180706977844],"uncertainty":{"stddevs":[0.003000000026077032,0.003000000026077032,0.0029999997932463884],"pcvectors":[[0.06425678730010986,-0.214090034365654,0.9746981859207153],[-0.7399356961250305,-0.6655866503715515,-0.09741434454917908],[0.669601559638977,-0.7149544358253479,-0.2011813223361969]]}},{"id":"knee.right.front","coordinates":[-0.027514811605215073,0.48084062337875366,0.12464765459299088],"uncertainty":{"stddevs":[0.003000000026077032,0.003000000026077032,0.0029999997932463884],"pcvectors":[[-0.062137436121702194,0.0,-0.9980676174163818],[0.0,-1.0,0.0],[0.9980676174163818,0.0,-0.062137436121702194]]}},{"id":"knee.right.outside","coordinates":[0.010390004143118858,0.4746497571468353,0.20342600345611572],"uncertainty":{"stddevs":[0.003000000026077032,0.0029999997932463884,0.0029999997932463884],"pcvectors":[[2.526374309752555E-8,-1.0,-2.1972652586299546E-9],[-1.0,-2.526374309752555E-8,-5.05274861950511E-8],[-5.05274861950511E-8,-2.197266590897584E-9,1.0]]}},{"id":"knee.right.back","coordinates":[0.08704876154661179,0.4893952012062073,0.20214013755321503],"uncertainty":{"stddevs":[0.0030000004917383194,0.0030000002589076757,0.003000000026077032],"pcvectors":[[-0.3775423467159271,-0.09573730826377869,0.9210299253463745],[0.9256514310836792,-0.06600496917963028,0.3725758194923401],[0.025123147293925285,0.9932158589363098,0.11353904753923416]]}},{"id":"knee.right.inside","coordinates":[0.08208530396223068,0.5073189735412598,0.1051904708147049],"uncertainty":{"stddevs":[0.003000000026077032,0.0029999997932463884,0.0029999997932463884],"pcvectors":[[-0.6324555277824402,-0.7071067690849304,-0.3162277638912201],[0.4472135901451111,1.2576184538204416E-8,-0.8944271802902222],[0.6324555277824402,-0.7071067690849304,0.3162277638912201]]}},{"id":"knee.left.front","coordinates":[0.11851311475038528,0.4795854985713959,-0.07133422791957855],"uncertainty":{"stddevs":[0.003000000026077032,0.003000000026077032,0.0029999997932463884],"pcvectors":[[-0.8896315693855286,0.27239689230918884,-0.36654549837112427],[0.24873122572898865,0.9621527791023254,0.11133208870887756],[0.3829992711544037,0.007873224094510078,-0.9237151145935059]]}},{"id":"knee.left.outside","coordinates":[0.19967032968997955,0.4739375412464142,-0.05627972260117531],"uncertainty":{"stddevs":[0.0030000002589076757,0.0030000002589076757,0.003000000026077032],"pcvectors":[[-0.5545771718025208,0.021112149581313133,-0.8318644165992737],[0.8320499062538147,1.5230256167342304E-8,-0.5547007918357849],[-0.011710913851857185,-0.9997771382331848,-0.017566369846463203]]}},{"id":"knee.left.back","coordinates":[0.2048141211271286,0.48980051279067993,0.030024133622646332],"uncertainty":{"stddevs":[0.0030000002589076757,0.003000000026077032,0.003000000026077032],"pcvectors":[[-0.9236262440681458,0.015378839336335659,-0.3829856216907501],[0.07557527720928192,0.986886203289032,-0.1426323652267456],[0.3757697343826294,-0.16068324446678162,-0.9126762747764587]]}},{"id":"knee.left.inside","coordinates":[0.13031181693077087,0.5088189244270325,0.04794707149267197],"uncertainty":{"stddevs":[0.0030000002589076757,0.003000000026077032,0.0029999997932463884],"pcvectors":[[-0.893079400062561,0.3418657183647156,0.2924670875072479],[0.23083575069904327,0.90617436170578,-0.3543485701084137],[-0.3861657977104187,-0.2489495575428009,-0.8882004618644714]]}},{"id":"ankle.right.front","coordinates":[0.009296736679971218,0.9139445424079895,0.14451374113559723],"uncertainty":{"stddevs":[0.0030000004917383194,0.0030000002589076757,0.003000000026077032],"pcvectors":[[-0.33811092376708984,0.9410773515701294,-0.007378250826150179],[-0.93972247838974,-0.3380284011363983,-0.0515601746737957],[-0.05101617053151131,-0.010499549098312855,0.99864262342453]]}},{"id":"ankle.right.outside","coordinates":[0.05115766450762749,0.9163359999656677,0.20393744111061096],"uncertainty":{"stddevs":[0.0030000002589076757,0.003000000026077032,0.003000000026077032],"pcvectors":[[-0.47133466601371765,0.029458409175276756,-0.8814623355865479],[0.062378283590078354,0.9980525970458984,-8.444077437275155E-9],[0.8797457218170166,-0.054984111338853836,-0.47225433588027954]]}},{"id":"ankle.right.back","coordinates":[0.10955742746591568,0.9131432175636292,0.18453842401504517],"uncertainty":{"stddevs":[0.0030000004917383194,0.0030000004917383194,0.0030000002589076757],"pcvectors":[[-0.9647178053855896,0.05415716767311096,-0.25765588879585266],[0.2549886107444763,0.43593132495880127,-0.8631017804145813],[0.06557711958885193,-0.8983489871025085,-0.43436017632484436]]}},{"id":"ankle.right.inside","coordinates":[0.0709945410490036,0.9147542715072632,0.13367007672786713],"uncertainty":{"stddevs":[0.0030000002589076757,0.003000000026077032,0.003000000026077032],"pcvectors":[[-0.22940538823604584,-0.076212577521801,0.9703426361083984],[0.07080256938934326,0.992982029914856,0.09472964704036713],[-0.9707523584365845,0.0904342457652092,-0.22239938378334045]]}},{"id":"ankle.left.front","coordinates":[0.15279382467269897,0.9031156897544861,-0.030465018004179],"uncertainty":{"stddevs":[0.0030000002589076757,0.003000000026077032,0.003000000026077032],"pcvectors":[[-0.16636008024215698,-0.9719303846359253,0.16636008024215698],[0.7071067690849304,3.0888680502272337E-10,0.7071067690849304],[-0.6872585415840149,0.23526868224143982,0.6872585415840149]]}},{"id":"ankle.left.inside","coordinates":[0.14112527668476105,0.9146846532821655,0.025268429890275],"uncertainty":{"stddevs":[0.0030000002589076757,0.003000000026077032,0.0029999997932463884],"pcvectors":[[-0.9731190204620361,0.020779628306627274,0.2293633669614792],[0.012509744614362717,0.9992201328277588,-0.03745128586888313],[-0.22996272146701813,-0.033575281500816345,-0.9726200699806213]]}},{"id":"ankle.left.back","coordinates":[0.20278091728687286,0.921398401260376,0.048044852912425995],"uncertainty":{"stddevs":[0.003000000026077032,0.003000000026077032,0.003000000026077032],"pcvectors":[[-0.5843738317489624,-0.6345774531364441,-0.5057852268218994],[0.5449250936508179,0.1549789309501648,-0.8240377306938171],[0.6013018488883972,-0.7571611404418945,0.2552315294742584]]}},{"id":"ankle.left.outside","coordinates":[0.2096858024597168,0.9197698831558228,-0.01699121482670307],"uncertainty":{"stddevs":[0.0030000002589076757,0.0030000002589076757,0.0029999997932463884],"pcvectors":[[-0.033684659749269485,-0.21123327314853668,0.9768550992012024],[0.9994059801101685,-1.7842884114660507E-10,0.034462276846170425],[-0.007279579062014818,0.9774357080459595,0.2111077904701233]]}},{"id":"chin","coordinates":[-0.0464506596326828,-0.5781156420707703,-0.03328656032681465],"uncertainty":{"stddevs":[0.003000000026077032,0.003000000026077032,0.003000000026077032],"pcvectors":[[-0.4544013440608978,0.7661845684051514,0.4544013440608978],[0.7071067690849304,1.0908637548823208E-8,0.7071067690849304],[0.541774332523346,0.6426205635070801,-0.541774332523346]]}},{"id":"nosetip","coordinates":[-0.07452084869146347,-0.6669530272483826,-0.0531810037791729],"uncertainty":{"stddevs":[0.0030000002589076757,0.003000000026077032,0.0029999997932463884],"pcvectors":[[0.26565679907798767,-0.2908404767513275,-0.9191508293151855],[-0.06561794131994247,-0.9566529393196106,0.28374183177948],[-0.9618319869041443,-0.015065157786011696,-0.27322569489479065]]}},{"id":"nose.right","coordinates":[-0.07270091772079468,-0.6605716347694397,-0.025020364671945572],"uncertainty":{"stddevs":[0.0030000002589076757,0.003000000026077032,0.003000000026077032],"pcvectors":[[-0.9491540193557739,0.01780206337571144,0.3143083453178406],[0.15643879771232605,-0.8397318720817566,0.5199781656265259],[0.2731914222240448,0.5427093505859375,0.794249951839447]]}},{"id":"nose.left","coordinates":[-0.043818049132823944,-0.6603103280067444,-0.055067941546440125],"uncertainty":{"stddevs":[0.003000000026077032,0.003000000026077032,0.003000000026077032],"pcvectors":[[0.7173575162887573,0.17908169329166412,0.673296332359314],[-0.08887114375829697,-0.934985339641571,0.34337204694747925],[0.6910138726234436,-0.3061571419239044,-0.6548035144805908]]}},{"id":"head.top","coordinates":[0.02032625302672386,-0.8155012726783752,0.026936879381537437],"uncertainty":{"stddevs":[0.003000000026077032,0.003000000026077032,0.0029999997932463884],"pcvectors":[[-0.9494327902793884,0.25477415323257446,0.18348702788352966],[0.17622309923171997,-0.05125515162944794,0.9830149412155151],[0.25985145568847656,0.9656412601470947,0.003766230773180723]]}},{"id":"head.right","coordinates":[-0.03473519906401634,-0.7535949349403381,0.10219983011484146],"uncertainty":{"stddevs":[0.0030000004917383194,0.0030000002589076757,0.0029999997932463884],"pcvectors":[[0.252239465713501,-0.28026261925697327,0.9261901378631592],[0.06318558007478714,0.959867000579834,0.2732451260089874],[-0.9655997157096863,-0.010401342064142227,0.25982487201690674]]}},{"id":"head.left","coordinates":[0.07486604899168015,-0.753551721572876,-0.038594115525484085],"uncertainty":{"stddevs":[0.003000000026077032,0.003000000026077032,0.003000000026077032],"pcvectors":[[-0.7071067690849304,-0.044108111411333084,-0.7057297229766846],[3.15181769572348E-9,-0.9980525970458984,0.06237828731536865],[0.7071067690849304,-0.044108107686042786,-0.7057297825813293]]}},{"id":"head.back","coordinates":[0.1060677096247673,-0.7266960740089417,0.10829878598451614],"uncertainty":{"stddevs":[0.003000000026077032,0.0029999997932463884,0.0029999997932463884],"pcvectors":[[-0.005845717620104551,-0.9992232322692871,-0.038971446454524994],[0.9889363050460815,1.0675248240943347E-8,-0.14834073185920715],[0.14822550117969513,-0.03940743952989578,0.9881681203842163]]}},{"id":"head.front","coordinates":[-0.04951125755906105,-0.7570381164550781,-0.032267190515995026],"uncertainty":{"stddevs":[0.0030000002589076757,0.003000000026077032,0.003000000026077032],"pcvectors":[[-0.7095322608947754,-0.7022051215171814,-0.05892274156212807],[0.6865629553794861,-0.7077115178108215,0.16666042804718018],[-0.15873011946678162,0.07779677957296371,0.9842522144317627]]}},{"id":"foot.right.bottom.center","coordinates":[-0.008608318865299225,0.9926696419715881,0.1565888226032257],"uncertainty":{"stddevs":[0.003000000026077032,0.003000000026077032,0.003000000026077032],"pcvectors":[[-0.7014737725257874,0.7071067690849304,-0.08907603472471237],[0.12597253918647766,-3.1271227829421377E-9,-0.9920337200164795],[-0.7014737725257874,-0.7071067690849304,-0.08907603472471237]]}},{"id":"foot.left.bottom.center","coordinates":[0.1421237736940384,0.9834491014480591,-0.05679994821548462],"uncertainty":{"stddevs":[0.0030000002589076757,0.0030000002589076757,0.003000000026077032],"pcvectors":[[-0.7142010927200317,-0.006932975258678198,0.6999062299728394],[0.6870172023773193,0.18432193994522095,0.7028746604919434],[-0.1338810920715332,0.9828414916992188,-0.12687985599040985]]}},{"id":"hipstart.right.front","coordinates":[-0.07796789705753326,0.06287729740142822,0.09707912057638168],"uncertainty":{"stddevs":[0.003000000026077032,0.0029999997932463884,0.0029999997932463884],"pcvectors":[[-0.9907287359237671,0.12151242792606354,0.06075621023774147],[-5.649144263486505E-9,-0.44721361994743347,0.8944271802902222],[-0.13585501909255981,-0.886134684085846,-0.44306737184524536]]}},{"id":"hipstart.right.outside","coordinates":[-0.03516062721610069,0.07358822226524353,0.2176767736673355],"uncertainty":{"stddevs":[0.003000000026077032,0.0029999997932463884,0.0029999997932463884],"pcvectors":[[-0.9238794445991516,0.00023217653506435454,0.38268351554870605],[0.0014648066135123372,0.9999946355819702,0.002929651876911521],[-0.3826808035373688,0.003267202526330948,-0.9238748550415039]]}},{"id":"butt.right.center","coordinates":[0.15145805478096008,0.07378635555505753,0.2252470850944519],"uncertainty":{"stddevs":[0.0030000002589076757,0.0030000002589076757,0.003000000026077032],"pcvectors":[[-0.7057257890701294,0.7084037661552429,-0.010732157155871391],[-0.7084848880767822,-0.7056342363357544,0.011379721574485302],[0.0004884600057266653,0.015634534880518913,0.9998776316642761]]}},{"id":"butt.left.center","coordinates":[0.24261325597763062,0.06793541461229324,0.11428254097700119],"uncertainty":{"stddevs":[0.0030000002589076757,0.003000000026077032,0.003000000026077032],"pcvectors":[[-0.22901014983654022,0.05882798880338669,0.9716448187828064],[0.12952083349227905,0.9911383390426636,-0.029481029137969017],[-0.9647687077522278,0.1190967932343483,-0.23460020124912262]]}},{"id":"hipstart.left.front","coordinates":[0.06895706802606583,0.0692378431558609,-0.09574487805366516],"uncertainty":{"stddevs":[0.0030000002589076757,0.0030000002589076757,0.003000000026077032],"pcvectors":[[-0.9728012681007385,-0.014034029096364975,-0.2312157154083252],[0.231114462018013,-0.12608177959918976,-0.9647225141525269],[-0.015613147057592869,-0.9919205904006958,0.12589599192142487]]}},{"id":"hipstart.left.outside","coordinates":[0.197733536362648,0.0571877621114254,-0.0871616080403328],"uncertainty":{"stddevs":[0.003000000026077032,0.003000000026077032,0.0029999997932463884],"pcvectors":[[0.005207908805459738,0.9999728798866272,-0.005207909271121025],[-0.7070875763893127,0.007365095894783735,0.7070876359939575],[0.7071067690849304,2.9832006309682413E-10,0.7071067690849304]]}},{"id":"fist.right.front","coordinates":[-0.2477344274520874,0.11567465215921402,0.35416287183761597],"uncertainty":{"stddevs":[0.0030000002589076757,0.0030000002589076757,0.003000000026077032],"pcvectors":[[-0.6945757269859314,-0.03825095668435097,0.7184019684791565],[-0.7007863521575928,0.2617727518081665,-0.6636064052581787],[-0.16267448663711548,-0.9643712639808655,-0.20862676203250885]]}},{"id":"fist.right.fist","coordinates":[-0.23087504506111145,0.1475771963596344,0.3942643702030182],"uncertainty":{"stddevs":[0.0030000002589076757,0.0030000002589076757,0.0029999997932463884],"pcvectors":[[1.78641617054609E-8,-0.7071067690849304,0.7071067690849304],[-0.8164966106414795,0.40824827551841736,0.40824830532073975],[-0.5773502588272095,-0.5773502588272095,-0.5773502588272095]]}},{"id":"fist.right.back","coordinates":[-0.18221794068813324,0.09641630202531815,0.4220195412635803],"uncertainty":{"stddevs":[0.0030000002589076757,0.0030000002589076757,0.003000000026077032],"pcvectors":[[-0.2095624804496765,-0.2584099769592285,-0.9430311918258667],[0.9761870503425598,6.4665024446242114E-9,-0.21693044900894165],[0.05605699494481087,-0.9660353660583496,0.25225645303726196]]}},{"id":"fist.right.inside","coordinates":[-0.19221636652946472,0.1281876266002655,0.3722686171531677],"uncertainty":{"stddevs":[0.0030000002589076757,0.003000000026077032,0.003000000026077032],"pcvectors":[[-0.0007167761796154082,0.09254681318998337,0.9957080483436584],[0.8627310991287231,-0.5034351944923401,0.04741320386528969],[0.5056624412536621,0.8590623140335083,-0.07948216050863266]]}},{"id":"fist.right.outside","coordinates":[-0.24143214523792267,0.09706154465675354,0.413526713848114],"uncertainty":{"stddevs":[0.003000000026077032,0.003000000026077032,0.0029999997932463884],"pcvectors":[[-0.7022051215171814,-0.7095322608947754,0.05892274156212807],[0.7077115178108215,-0.6865629553794861,0.16666042804718018],[-0.07779677957296371,0.15873011946678162,0.9842522144317627]]}},{"id":"fist.left.back","coordinates":[0.3451278805732727,0.08739916980266571,-0.2960083484649658],"uncertainty":{"stddevs":[0.003000000026077032,0.003000000026077032,0.0029999997932463884],"pcvectors":[[-0.04261260852217674,-0.6982626914978027,-0.7145721316337585],[0.04562569409608841,-0.715835690498352,0.6967765688896179],[-0.9980493187904358,-0.0029113839846104383,0.062362346798181534]]}},{"id":"fist.left.outside","coordinates":[0.32643115520477295,0.08581358194351196,-0.3429880738258362],"uncertainty":{"stddevs":[0.003000000026077032,0.003000000026077032,0.0029999997932463884],"pcvectors":[[0.7547231316566467,-0.5584388375282288,-0.34429502487182617],[-0.08371556550264359,-0.6024941802024841,0.7937206625938416],[-0.6506801843643188,-0.5702164769172668,-0.5014663338661194]]}},{"id":"fist.left.front","coordinates":[0.2719179689884186,0.09995871782302856,-0.34004393219947815],"uncertainty":{"stddevs":[0.0030000002589076757,0.003000000026077032,0.003000000026077032],"pcvectors":[[-0.9425338506698608,0.2862266004085541,-0.17234930396080017],[0.052436575293540955,0.6361768245697021,0.7697593569755554],[0.32997024059295654,0.7164868116378784,-0.614626944065094]]}},{"id":"fist.left.fist","coordinates":[0.3144814372062683,0.13059410452842712,-0.3298135995864868],"uncertainty":{"stddevs":[0.003000000026077032,0.003000000026077032,0.0029999997932463884],"pcvectors":[[-0.6989274024963379,0.6989274024963379,-0.15166065096855164],[-0.7071067690849304,-0.7071067690849304,2.051361569499477E-8],[-0.10724026709794998,0.10724028944969177,0.9884326457977295]]}},{"id":"fist.left.inside","coordinates":[0.3051249086856842,0.09056806564331055,-0.29824528098106384],"uncertainty":{"stddevs":[0.0030000002589076757,0.003000000026077032,0.0029999997932463884],"pcvectors":[[-0.9876806139945984,-0.15530380606651306,-0.01917739026248455],[0.15549005568027496,-0.960226833820343,-0.23192088305950165],[0.017603550106287003,-0.23204565048217773,0.9725455641746521]]}},{"id":"toetip.right.bottom","coordinates":[-0.11721290647983551,1.0018688440322876,0.09071004390716553],"uncertainty":{"stddevs":[0.0030000004917383194,0.0030000002589076757,0.003000000026077032],"pcvectors":[[-0.9321379065513611,-0.3612281382083893,0.025162655860185623],[0.3500691056251526,-0.881213903427124,0.3176690936088562],[-0.09257733821868896,0.3049200773239136,0.9478676915168762]]}},{"id":"toetip.right.front","coordinates":[-0.1500813364982605,0.9987884759902954,0.0839797705411911],"uncertainty":{"stddevs":[0.003000000026077032,0.0029999997932463884,0.0029999997932463884],"pcvectors":[[-0.4656330645084381,0.5321521162986755,0.7071067690849304],[0.7525767087936401,0.6585046052932739,-2.6307100498002E-8],[-0.4656330645084381,0.5321520566940308,-0.7071068286895752]]}},{"id":"toetip.right.inside","coordinates":[-0.11897227168083191,0.9942910671234131,0.06938113272190094],"uncertainty":{"stddevs":[0.0030000002589076757,0.0030000002589076757,0.003000000026077032],"pcvectors":[[0.019608285278081894,0.7449621558189392,0.6668184399604797],[0.16290396451950073,0.6556535959243774,-0.7372792363166809],[-0.9864470958709717,0.12308415025472641,-0.10850104689598083]]}},{"id":"toetip.right.top","coordinates":[-0.12532250583171844,0.9827132821083069,0.08051703870296478],"uncertainty":{"stddevs":[0.0030000004917383194,0.0030000002589076757,0.0030000002589076757],"pcvectors":[[-0.3317960202693939,0.829490065574646,0.4492856562137604],[0.9284766912460327,0.3713906705379486,-2.4925164154865342E-9],[-0.16686050593852997,0.4171512722969055,-0.8933881521224976]]}},{"id":"toetip.left.bottom","coordinates":[0.045085810124874115,0.9955395460128784,-0.13039425015449524],"uncertainty":{"stddevs":[0.003000000026077032,0.003000000026077032,0.0029999997932463884],"pcvectors":[[-0.7071067690849304,-0.7071067690849304,2.5990043450718758E-11],[0.680645763874054,-0.680645763874054,0.27100321650505066],[-0.19162821769714355,0.19162821769714355,0.9625784158706665]]}},{"id":"toetip.left.front","coordinates":[0.020342102274298668,0.9928478002548218,-0.15380433201789856],"uncertainty":{"stddevs":[0.003000000026077032,0.003000000026077032,0.0029999995604157448],"pcvectors":[[0.22380127012729645,0.8534899950027466,0.47060373425483704],[-0.9369890093803406,0.3213151693344116,-0.1371428668498993],[-0.26826217770576477,-0.4102577567100525,0.8716214299201965]]}},{"id":"toetip.left.inside","coordinates":[0.03301544860005379,0.9906644821166992,-0.1138513833284378],"uncertainty":{"stddevs":[0.0030000002589076757,0.0030000002589076757,0.003000000026077032],"pcvectors":[[-0.6738873720169067,0.30290544033050537,0.673887312412262],[0.21418650448322296,0.9530206322669983,-0.21418648958206177],[-0.7071067690849304,1.1159071000577114E-8,-0.7071067690849304]]}},{"id":"toetip.left.top","coordinates":[0.040279947221279144,0.9827732443809509,-0.13954322040081024],"uncertainty":{"stddevs":[0.0030000002589076757,0.003000000026077032,0.0029999997932463884],"pcvectors":[[-0.12218325585126877,-5.10702591327572E-15,-0.9925075769424438],[0.9925075769424438,-6.245004513516506E-16,-0.12218325585126877],[-1.262177448353619E-22,-1.0,4.9960036108132044E-15]]}},{"id":"pampers.bottom","coordinates":[0.07648943364620209,0.24330273270606995,0.055211953818798065],"uncertainty":{"stddevs":[0.0030000002589076757,0.0030000002589076757,0.003000000026077032],"pcvectors":[[-0.7071067690849304,-0.7071067690849304,5.44135758673292E-9],[0.6622568368911743,-0.6622568368911743,-0.3504736125469208],[0.24782226979732513,-0.24782226979732513,0.9365726113319397]]}},{"id":"pampers.front","coordinates":[-0.03087271936237812,0.14241492748260498,-0.027105484157800674],"uncertainty":{"stddevs":[0.0030000004917383194,0.0030000002589076757,0.0029999997932463884],"pcvectors":[[-0.9203343391418457,-0.058284055441617966,-0.38676562905311584],[0.39019775390625,-0.06848955154418945,-0.9181802272796631],[0.0270258616656065,-0.9959478378295898,0.08577559143304825]]}},{"id":"pampers.back","coordinates":[0.19769293069839478,0.07276216149330139,0.16067031025886536],"uncertainty":{"stddevs":[0.0030000004917383194,0.0030000004917383194,0.003000000026077032],"pcvectors":[[-0.10178299993276596,-0.14688840508460999,-0.9839024543762207],[0.994691789150238,-2.6266251396123153E-9,-0.10289914160966873],[0.015114687383174896,-0.9891530871391296,0.1461086869239807]]}},{"id":"eye.right.right","coordinates":[-0.07070577889680862,-0.7010114789009094,0.02452031522989273],"uncertainty":{"stddevs":[0.003000000026077032,0.003000000026077032,0.0029999997932463884],"pcvectors":[[-0.9819610118865967,0.14798560738563538,0.11769804358482361],[-0.18777254223823547,-0.6900284290313721,-0.6990008354187012],[-0.02222706563770771,-0.7084920406341553,0.70536869764328]]}},{"id":"eye.right.left","coordinates":[-0.0549902468919754,-0.6987664103507996,-0.014688885770738125],"uncertainty":{"stddevs":[0.003000000026077032,0.0029999995604157448,0.0029999995604157448],"pcvectors":[[8.93208440544413E-9,-0.7071067690849304,0.7071067690849304],[-0.8164965510368347,-0.40824830532073975,-0.40824827551841736],[-0.5773502588272095,0.5773502588272095,0.5773502588272095]]}},{"id":"eye.left.right","coordinates":[-0.04032588377594948,-0.6990711092948914,-0.03443256393074989],"uncertainty":{"stddevs":[0.0030000002589076757,0.003000000026077032,0.003000000026077032],"pcvectors":[[0.06182469055056572,-0.9964026808738708,0.057960640639066696],[-0.6839408874511719,2.1184400011975413E-8,0.7295374274253845],[0.7269130349159241,0.08474507927894592,0.6814805269241333]]}},{"id":"eye.left.left","coordinates":[-0.006184841506183147,-0.7015723586082458,-0.0570472776889801],"uncertainty":{"stddevs":[0.0030000002589076757,0.003000000026077032,0.0029999997932463884],"pcvectors":[[0.05014168471097946,-0.9373021125793457,-0.34489211440086365],[-0.2943962514400482,-0.34385424852371216,0.8916810750961304],[-0.9543671607971191,0.05682455748319626,-0.2931796610355377]]}}]
